C,1,Contest1,0.032,0.3443,0.3186,0.4911,1,1700,2800,1
C,2,Contest2,0.0298,0.5268,0.3197,0.6879,1,1700,2800,1
C,3,StateRep,0.0298,0.6951,0.3197,0.7946,1,1700,2800,1
C,4,SC5,0.3241,0.2734,0.6404,0.3461,1,1700,2800,1
C,5,Contest5,0.3241,0.3567,0.6437,0.4199,1,1700,2800,1
C,6,Contest6,0.3241,0.4278,0.6426,0.4911,1,1700,2800,1
C,7,Contest7,0.3252,0.5002,0.6437,0.5618,1,1700,2800,1
C,8,JTC,0.3241,0.5705,0.6437,0.6346,1,1700,2800,1
C,9,Contest9,0.3241,0.6415,0.6437,0.7404,1,1700,2800,1
C,10,Contest10,0.3241,0.7485,0.6426,0.8296,1,1700,2800,1
C,11,Contest11,0.6481,0.2652,0.9667,0.347,1,1700,2800,1
C,12,Contest12,0.6481,0.3561,0.9678,0.437,1,1700,2800,1
C,13,Auditor,0.6481,0.474,0.9656,0.5618,1,1700,2800,1
C,14,Contest14,0.6492,0.5978,0.9667,0.6874,1,1700,2800,1
C,15,Contest15,0.6481,0.7353,0.9634,0.8122,1,1700,2800,1
C,16,Contest16,0.0309,0.0888,0.3186,0.1688,2,1700,2800,1
C,17,Contest17,0.0298,0.1783,0.3197,0.2597,2,1700,2800,1
C,18,102,0.0298,0.3338,0.3208,0.5981,2,1700,2800,1
C,19,Contest19,0.0298,0.6069,0.3175,0.8488,2,1700,2800,1
C,20,Contest20,0.3241,0.077,0.6448,0.2943,2,1700,2800,1
C,21,Contest21,0.3252,0.3031,0.6415,0.5092,2,1700,2800,1
C,22,Contest22,0.323,0.5171,0.6415,0.759,2,1700,2800,1
C,23,Contest23,0.647,0.077,0.9656,0.2407,2,1700,2800,1
C,24,Contest24,0.6482,0.2497,0.9667,0.4025,2,1700,2800,1
C,25,Contest25,0.6493,0.4382,0.9667,0.6511,2,1700,2800,1
C,26,Contest26,0.0738,0.253,0.2447,0.3586,1,1500,2150,2
C,27,Contest27,0.0738,0.3597,0.2436,0.4951,1,1500,2150,2
C,28,Contest28,0.0738,0.4975,0.2436,0.5869,1,1500,2150,2
C,29,Contest29,0.0749,0.6024,0.2436,0.7384,1,1500,2150,2
C,30,SecState,0.2458,0.1547,0.4156,0.2893,1,1500,2150,2
C,31,Contest31,0.2458,0.2911,0.4156,0.3963,1,1500,2150,2
C,32,Contest32,0.2458,0.3974,0.4167,0.4879,1,1500,2150,2
C,33,Contest33,0.2458,0.5046,0.4167,0.5934,1,1500,2150,2
C,34,Contest34,0.2458,0.5962,0.4156,0.6912,1,1500,2150,2
C,35,Contest35,0.2458,0.6927,0.4156,0.7813,1,1500,2150,2
C,36,Judge6,0.4178,0.1556,0.5886,0.2156,1,1500,2150,2
C,37,Contest37,0.4178,0.2163,0.5886,0.2763,1,1500,2150,2
C,38,Contest38,0.4178,0.2171,0.5886,0.2755,1,1500,2150,2
C,39,Contest39,0.4178,0.2772,0.5897,0.3366,1,1500,2150,2
C,40,Assessor,0.4167,0.3534,0.5875,0.4129,1,1500,2150,2
C,41,Contest41,0.4178,0.4141,0.5886,0.4745,1,1500,2150,2
C,42,Contest42,0.4178,0.4749,0.5875,0.538,1,1500,2150,2
C,43,Mayor1,0.4167,0.5561,0.5864,0.6601,1,1500,2150,2
C,44,Contest44,0.4167,0.6608,0.5875,0.7367,1,1500,2150,2
C,45,Contest45,0.5908,0.1563,0.7573,0.2309,1,1500,2150,2
C,46,Contest46,0.5897,0.232,0.7584,0.291,1,1500,2150,2
C,47,Contest47,0.5897,0.2932,0.7584,0.3523,1,1500,2150,2
C,48,Contest48,0.5897,0.3708,0.7584,0.4453,1,1500,2150,2
C,49,Contest49,0.5886,0.447,0.7584,0.5228,1,1500,2150,2
C,50,Contest50,0.5908,0.5245,0.7584,0.599,1,1500,2150,2
C,51,Mayor2,0.7606,0.1559,0.9314,0.2148,1,1500,2150,2
C,52,Contest52,0.7606,0.2163,0.9314,0.3385,1,1500,2150,2
C,53,Mayo3,0.7617,0.3544,0.9314,0.4146,1,1500,2150,2
C,54,Contest54,0.7606,0.4168,0.9303,0.4755,1,1500,2150,2
C,55,Contest55,0.7617,0.4765,0.9303,0.5376,1,1500,2150,2
C,56,Contest56,0.7617,0.561,0.9314,0.6203,1,1500,2150,2
C,57,Contest57,0.7617,0.6223,0.9314,0.7856,1,1500,2150,2
C,58,Contest58,0.0739,0.1567,0.2414,0.2156,2,1500,2150,2
C,59,Contest59,0.0728,0.2166,0.2425,0.3378,2,1500,2150,2
C,60,Contest60,0.0739,0.3547,0.2436,0.4293,2,1500,2150,2
C,61,Contest61,0.0728,0.3545,0.2414,0.4302,2,1500,2150,2
C,62,Contest62,0.0739,0.4311,0.2425,0.5247,2,1500,2150,2
C,63,Soil,0.0728,0.5426,0.2447,0.6014,2,1500,2150,2
C,64,Contest64,0.0739,0.6024,0.2436,0.6614,2,1500,2150,2
C,65,Contest65,0.0728,0.6632,0.2436,0.7235,2,1500,2150,2
C,66,Contest66,0.2447,0.1563,0.4156,0.2124,2,1500,2150,2
C,67,Contest67,0.2458,0.2148,0.4156,0.2725,2,1500,2150,2
C,68,Contest68,0.2458,0.2901,0.4156,0.3629,2,1500,2150,2
O,1,Option1,0.0617,0.3875,0.0838,0.3975,1
O,2,Option2,0.0595,0.4045,0.0849,0.4146,1
O,3,Option3,0.0628,0.4229,0.0838,0.4327,1
O,4,Option4,0.0595,0.4408,0.0849,0.4517,1
O,5,Option5,0.0595,0.4583,0.0849,0.4687,1
O,6,Option6,0.0606,0.4764,0.0849,0.4874,1
O,7,Option7,0.0606,0.5657,0.0849,0.5769,2
O,8,Option8,0.0606,0.5839,0.0849,0.5943,2
O,9,Option9,0.0628,0.6019,0.0838,0.6111,2
O,10,Option10,0.0617,0.6192,0.0849,0.6297,2
O,11,Option11,0.0606,0.6382,0.0849,0.647,2
O,12,Option12,0.0628,0.6556,0.0838,0.6652,2
O,13,Option13,0.0617,0.6728,0.0849,0.6827,2
O,14,Option14,0.0772,0.2883,0.0882,0.2924,26
O,15,Option15,0.0783,0.302,0.0871,0.3068,26
O,16,Option16,0.0783,0.318,0.0871,0.3222,26
O,17,Option17,0.0772,0.3331,0.0871,0.3375,26
O,18,Option18,0.0772,0.3477,0.0871,0.3537,26
O,19,Option19,0.0783,0.3942,0.0871,0.3999,27
O,20,Option20,0.0772,0.4097,0.0882,0.4147,27
O,21,Option21,0.0772,0.4244,0.0871,0.4297,27
O,22,Option22,0.0772,0.4391,0.0871,0.4458,27
O,23,Option23,0.076,0.4539,0.0882,0.4599,27
O,24,Option24,0.076,0.4699,0.0871,0.475,27
O,25,Option25,0.0783,0.4856,0.0871,0.4912,27
